15257.029993378219	0.012858032569510458	0.0017463063609196954	0.0014215614839931624	0.0015255813524003513
15257.240778493222	0.012979024864445642	0.0016259646329197211	0.0012883343896961717	0.0012832826569805639
15257.45156652035	0.013556909570703426	0.0017129003946782459	0.0014686735240879024	0.001350577291728158
15257.662357459641	0.014208959412134459	0.0020847949949339625	0.001599116198295216	0.0016010582362067604
15257.873151311138	0.014307347288702548	0.002008170906816081	0.0015442379869126553	0.001499172510173177
15258.083948074911	0.014335674474258178	0.0015742128624446844	0.001757178640077488	0.0012900805348003504
15258.294747750937	0.014906740188553457	0.0012148868419770413	0.0022853387511580104	0.0014104882031009433
15258.505550339289	0.015440820543084096	0.0008798270724626415	0.0025022086074782493	0.0013101974916335177
15258.716355840006	0.015438541197467416	0.0003311249922550814	0.0022214107651415075	0.0008086129815644007
15258.92716425313	0.015896679343221056	-0.0002590731608813348	0.0019112374233776611	0.000545483363233562
15259.137975578698	0.01692552559595947	-0.0007417579020094466	0.0018069962925802445	0.0006842676301025992
15259.348789816753	0.01745579050959303	-0.0012520094025072622	0.0020382874526384135	0.00071379335762976
15259.559606967336	0.017442436133271427	-0.0013163540933202843	0.002123444260115586	0.0006454520998434174
15259.770427030484	0.01726884186305824	-0.0006405298614856773	0.002035840145181578	0.0008429131538401274
15259.981250006238	0.01646461230701248	0.0003431268400281162	0.002151132852595382	0.0008589303709299225
15260.192075894642	0.014943278596861086	0.00044322728077130137	0.0022495431275032824	0.0006628204088517976
15260.402904695731	0.013764089927230182	0.00021438437381122053	0.0021397957700912767	0.0008467204082603395
15260.613736409548	0.01330097084750468	0.0003294182827665342	0.002097561772792638	0.0015545652169990647
15260.824571036133	0.012779823366349181	0.00029975006865763063	0.0022977568570467315	0.0019107731400347385
15261.035408575526	0.011777646586035305	-8.58673746022413e-5	0.002459461695969926	0.0017525603242051551
15261.246249027768	0.011019892419700767	-0.0004084824578124702	0.002316379098298208	0.0016131790727454004
15261.457092392899	0.010512776286949395	-0.0006396601750996645	0.002007267505404179	0.0015021213557586007
15261.667938670958	0.010102084835595044	-0.00087950950857271	0.00186644448283748	0.0014668378242733194
15261.878787862017	0.009796806892387823	-0.0008519198934043303	0.0018762943419002654	0.0016360933766756175
15262.089639966056	0.009322782730102919	-0.0005960903222793266	0.0017020887431666938	0.0015765167494401777
15262.300494983143	0.008752316636889959	-0.0003421552618450084	0.0015674379538401066	0.0013735235104968397
15262.51135291332	0.008166568597004322	9.500447323609404e-5	0.0017814826610130369	0.001278517839102904
15262.722213756628	0.007549291217284621	0.0008433789238003073	0.0016024399663364336	0.001371161878746611
15262.933077513106	0.006887968680057245	0.0011114945729342543	0.0009046805574390419	0.0017010915597931292
15263.143944182793	0.006475268048128259	0.0009272751977338228	0.0006297769093416611	0.00205123492483486
15263.354813765733	0.006525050775006442	0.000778571955026031	0.0010009890549562215	0.0021556670353982247
15263.565686261962	0.006858237467825877	0.0007415929636702481	0.0011737036720412457	0.0020130010676709625
15263.776561671524	0.0074330420288388575	0.0009978037277717567	0.0011375712265842598	0.002174075547567061
15263.987439994457	0.007853099949368008	0.0012648867399801679	0.0014192851179979542	0.0022355703229169207
15264.1983212308	0.008022996743408365	0.0011266305103445904	0.0016127448807863565	0.001962860268855673
15264.409205380598	0.008435814244714398	0.0008960957122150814	0.0011430348987405974	0.002128439443393154
15264.620092443887	0.008996769071748073	0.001064378451291192	0.000653168630761562	0.002259729296803344
15264.830982420708	0.009115889180536957	0.001119883471048313	0.0007129712585946551	0.0020431234065689374
15265.041875311103	0.00893299576067264	0.0006945959935134353	0.001038224122600065	0.002107112775577145
15265.25277111511	0.009417854838520465	0.0008014491256170029	0.0012751701805625525	0.002616841791984504
15265.463669832772	0.010205853136963849	0.0015525796098142524	0.001667085670712055	0.002796601567910247
15265.674571464158	0.010508592804508606	0.0018631834473313632	0.002104497514347155	0.0026135244088407944
15265.885476009245	0.010443137725117348	0.0014043495755284888	0.002120529322323624	0.0026100626500238327
15266.096383468108	0.010590896007023565	0.0013548686743073879	0.001663887830184069	0.00269159956878095
15266.307293840786	0.010488349997593916	0.00162852363895837	0.0013287534977227948	0.002487877614095603
15266.518207127318	0.010044647906884505	0.0015330417803665044	0.001432524691222941	0.002321418290941793
15266.729123327743	0.00942442080744936	0.0010384457455898206	0.0015463289225922227	0.0023967690364917298
15266.940042442104	0.008405195740592432	0.0008927185048927529	0.0011555311307756833	0.0021257916930398175
15267.150964470442	0.006705992342701322	0.0011813373810611448	0.0007254573478226772	0.0014874039954438885
15267.361889412794	0.004481335346164177	0.000576189285757196	0.0007126751667897433	0.0011420767590189806
15267.572817269202	0.0018699573322612005	-0.0006728376142853526	0.0004247013983236779	0.001094167369457156
15267.783748039707	-0.0011841278638883835	-0.0013071833629909823	6.577540263885459e-5	0.0005836789145569755
15267.994681724347	-0.004632163056532428	-0.0014945791432856177	-7.94937013116856e-5	-0.0002711268543110896
15268.205618323165	-0.00814374631717019	-0.001939945752835904	-0.00015462876585098327	-0.0006484341182732048
15268.416557836199	-0.01162967861508923	-0.0025924624565870436	-0.00032766739079539156	-0.0007883872803586474
15268.627500263492	-0.015645483598328513	-0.0032140655439908622	-0.0006645436930046406	-0.0014036734877604193
15268.83844560508	-0.020439034084593296	-0.0036519538412142795	-0.0011775121978556504	-0.002230832333505573
15269.049393861007	-0.025419023783262853	-0.0038510169709867165	-0.0016029792088676175	-0.002618185872771068
15269.260345031313	-0.03143499204442035	-0.004312981505997357	-0.002006209147159265	-0.00310432915060298
15269.471299116067	-0.039023455346746665	-0.005224175789312105	-0.002881186139026022	-0.003776309820216736
15269.68225611525	-0.04799447170394332	-0.006187462853019048	-0.003992040959985385	-0.004510555575875016
15269.89321602893	-0.05819510628075427	-0.00688699506418001	-0.005053323460156679	-0.005573033607228499
15270.10417885715	-0.07026671263544605	-0.007372164214942306	-0.006582250486610097	-0.007129704432221363
15270.315144599948	-0.08379161046341756	-0.007684346367007975	-0.008759950423193512	-0.008713744373130298
15270.526113257367	-0.09814914669543184	-0.007883899269171032	-0.010987178733352922	-0.01003576037652956
15270.737084829445	-0.1141420795961241	-0.008413142419457934	-0.01346458848236131	-0.011714930579764745
15270.948059316222	-0.13137624356669358	-0.009257690615611016	-0.016452840331940787	-0.01362168717107945
15271.159036717741	-0.14814812324618773	-0.009832129282988532	-0.019425197901776287	-0.015382984979556646
15271.370017034042	-0.1640663179896765	-0.009996958138759521	-0.022150668474535753	-0.017471877864671883
15271.581000265161	-0.17840396276906995	-0.010179189470278701	-0.024703374758626467	-0.01957929716672228
15271.791986411143	-0.18982134609967027	-0.01013806167636381	-0.027250084474260385	-0.020843314816455866
15272.002975472025	-0.19740161704680012	-0.009771437930591426	-0.028935478820990648	-0.021262503158289755
15272.213967447851	-0.20073891231201135	-0.009810628408879037	-0.029296917421384076	-0.021442855258774467
15272.424962338657	-0.1994520371176057	-0.010051267248720519	-0.028539654292071438	-0.02156340157780448
15272.635960144486	-0.19401772186576005	-0.010206452928741823	-0.027580374973294183	-0.021058827645902153
15272.846960865378	-0.18494778946821075	-0.010422310961415595	-0.02578074861466581	-0.01953532438089501
15273.057964501371	-0.17261106834241735	-0.010565549737655534	-0.023051392939580154	-0.017626285481652317
15273.268971052541	-0.15792635966167817	-0.010806441258018898	-0.019805190180743438	-0.01571042316303304
15273.479980518861	-0.1418438301618618	-0.011250356151210988	-0.016597063942704438	-0.013996359352290209
15273.690992900407	-0.12487282976031366	-0.011252455221953879	-0.013740843759392924	-0.012104695148301065
15273.902008197214	-0.10792693030788726	-0.010745285457816656	-0.011341794084667185	-0.010125025650885897
15274.113026409328	-0.09198030232933706	-0.010294530658381644	-0.008882716229903827	-0.008765734877879672
15274.324047536784	-0.0770688056988156	-0.009405226505417093	-0.00654359455231893	-0.007807033267902684
15274.535071579627	-0.06348874654877092	-0.008099538344625503	-0.004938678053272615	-0.006732449050231057
15274.746098537893	-0.05189594538114888	-0.0075263879580973365	-0.0039963071276861144	-0.0056988149026671745
15274.957128411625	-0.041803806609412006	-0.007271694335225852	-0.0030169371168384577	-0.004686349550944008
15275.168161200863	-0.033077203226606955	-0.006384180036954902	-0.002330785687772881	-0.003946911825507601
15275.379196905647	-0.02627271094966412	-0.005230116957364979	-0.0020721325115422577	-0.0033708556830087154
15275.590235526017	-0.021145164467882067	-0.0042960979686206095	-0.0018240114475330661	-0.0028276355793559397
15275.801277062013	-0.017012153763665543	-0.003326665209317658	-0.0010861913251543655	-0.002646957958611006
15276.012321513675	-0.013923269303771841	-0.002298348563004088	-0.0007052374353917068	-0.0026445004425172352
15276.223368881047	-0.011242539244460168	-0.001721912707462217	-0.0008895159042143302	-0.002171094306625869
15276.434419164163	-0.0084376075200368	-0.0014452864469736634	-0.000824374956561763	-0.0014982781450187503
15276.645472363069	-0.006168971580786859	-0.0013553995581283987	-0.00029271469993200755	-0.0011173746355478866
15276.8565284778	-0.004684201393656648	-0.0017181468065567951	-0.00010603820791960482	-0.0010255162317412492
15277.067587508433	-0.003250775052237821	-0.002015640577062597	-0.0002143664407758912	-0.0009607878735083726
15277.278649454942	-0.001489415131533211	-0.0015606217795525999	0.00015155054212336115	-0.0007337766831674994
15277.489714317398	-2.787169663825284e-5	-0.0011309313243471823	0.0005260272667103787	-0.00044062712351446994
15277.700782095846	0.0007967011322308592	-0.0012405793815085983	0.0004017695556154313	-0.0004908649517808535
15277.911852790323	0.0017355395509373434	-0.001166603374464849	0.00025359317991778665	-0.0005366419006208475
15278.122926400867	0.002775706302789643	-0.0006505494731844991	0.0004591865194106231	-0.0004193769855269929
15278.334002927524	0.0034818793282751673	-0.00028469169298943147	0.0009533861853588295	-0.00014462099552895843
15278.545082370329	0.004160540529551671	-0.00022028014393135246	0.0010643957028216603	0.0002643162893738581
15278.756164729324	0.004936876025297631	-0.00029430630345047155	0.0008562120509248458	0.000544567006314956
15278.96725000455	0.005307083566104504	-0.00025354170846075846	0.0006964041047704652	0.0008090027349229737
15279.178338196049	0.0053946331832537536	-0.00030540250676396003	0.0007193054636987852	0.0011071718372664984
15279.389429303857	0.0057409374443686675	-0.0003833711270297444	0.0008296487212973054	0.0012657227459308108
15279.60052332802	0.005898456283952325	-0.00044855830056318653	0.0009382718055246499	0.0010093063942385324
15279.81162026857	0.005813569593983932	-0.0002154217928763076	0.0010331489726096688	0.0005771802906499404
15280.022720125557	0.0060555918621005575	0.0004350350575403986	0.00117133177997708	0.0004195384301427194
15280.233822899012	0.0064469977549880654	0.0010076418655899015	0.0009498985404191354	0.0006051292129566314
15280.444928588982	0.006519452045004588	0.0009559958489972014	0.0006825525293747512	0.0009215619382302345
15280.656037195506	0.006701451792216227	0.0008528993785500814	0.0005859036783467069	0.0013846299134400437
15280.867148718653	0.007083356531226716	0.001150393553470619	0.0004502618292514851	0.0014950383617052998
15281.078263158402	0.0069840505446089555	0.0010586901887909138	0.0003666131277576038	0.0012064724076121245
15281.289380514827	0.006926629094368171	0.0005963836881427696	0.0004388641699759422	0.0012179049205631855
15281.500500787964	0.0074335513571748	0.0003081314449381422	0.0007705411478386293	0.0017360369890613335
15281.711623977857	0.008079066476719965	-0.00011650355026418424	0.001341981608550377	0.0019828794228184386
15281.922750084545	0.008612914732170567	-0.000570037281090595	0.0017209457404347057	0.001827915376016723
15282.133879108065	0.009167807164910198	-0.0007574406511783742	0.0017776595889066676	0.0018474971138224168
15282.345011048465	0.009408684223013386	-0.0010811013286427884	0.0018755109450003828	0.0016475634664655013
15282.556145905777	0.00996527241479577	-0.0009958028890624283	0.0020493135190972423	0.0012844562018846026
15282.767283680047	0.010736932364751331	-0.0003769350164435537	0.0020700201106696094	0.0013097145835763236
15282.978424371313	0.01097080705808084	-0.0001600054757368126	0.00231138779184476	0.0014035226132595657
15283.189567979614	0.010957270850488563	-0.00042471817157253817	0.002767632301890498	0.001271935454096475
15283.400714504995	0.011547069834772467	-0.000630171249565346	0.0027952178613702625	0.0014694194140356923
15283.61186394749	0.011968400344140675	-0.0009271510150790991	0.0021859058314792736	0.001567059832802594
15283.823016307144	0.012146549145389051	-0.001626996848594308	0.001742743694783015	0.0017338191166295727
15284.034171583997	0.012113056780927549	-0.0021795593205228836	0.0019201758076871818	0.0017247091797273995
15284.245329778085	0.012237105988841127	-0.0022773247259537995	0.0025514342341488717	0.0011403211043581882
15284.456490889454	0.012500511263122044	-0.00262673342924347	0.002853107164911868	0.0009844738099987803
15284.667654918172	0.012472447429090924	-0.0026241001637292457	0.002647036909460706	0.0010947661823453932
15284.878821864218	0.012518531135724216	-0.0022406884847384376	0.0024788615466344783	0.001223718080982319
15285.089991727664	0.01268608479008982	-0.0021845291178770963	0.0022860594626293433	0.0014399305848680568
15285.301164508548	0.013184856422848116	-0.0023414026453643885	0.0024184758106627394	0.0016262577228846604
15285.512340206913	0.01319001075254844	-0.002236852813425561	0.0026578508992158604	0.0013573489970093308
15285.723518822799	0.013107518774823532	-0.001976744877933562	0.00226336330432725	0.0010347758534684024
15285.934700356243	0.013294734342340377	-0.0012394621590980316	0.0023133041964394706	0.0011360258695245424
15286.14588480729	0.013609854117591242	-0.0011691411829831313	0.002361966096585074	0.0016174479473699621
15286.357072175979	0.012838951007871816	-0.0016077335575505134	0.002408912849258679	0.0010216859044265337
15286.568262462348	0.010998242933093207	-0.001659548998972159	0.001679523091852727	-0.00017466375183640195
15286.779455666438	0.01039132060969031	-0.0016920193713994335	0.0016212963633064046	-6.477121151870455e-5
15286.990651788292	0.010857684373041458	-0.001424003806148725	0.001357863493459697	0.0002207590152439103
