15657.196425529139	0.0048793698933806695	0.00012925295164233582	-0.00031596386188698853	-0.001953523579195596
15657.4127391859	0.004181591809313943	0.00011076903283156696	-0.00011425073716714487	-0.0007063830264118165
15657.629055831165	0.0026481769728123558	7.014936307075316e-5	-0.0003119143435513746	-0.001928486445183618
15657.845375464976	0.003114692169462151	8.250720178160625e-5	-0.0003814166753935992	-0.002358201550107311
15658.061698087375	0.004552661660589935	0.0001205985547966816	-0.000237193432878452	-0.0014665062048271075
15658.278023698402	0.004946702968481727	0.00013103658331817437	-0.0002143850320762732	-0.0013254877082664576
15658.494352298098	0.005631130568884508	0.00014916685207634966	-0.00023471439203455008	-0.001451178930646355
15658.710683886504	0.005766901759874633	0.00015276338760592196	-0.00017571578609207477	-0.00108640567094516
15658.927018463663	0.005726947660243534	0.0001517050162546257	-0.00017418229247564588	-0.0010769244729361572
15659.143356029614	0.005718499829118007	0.00015148123590351284	-0.00017775690271130265	-0.0010990253718810088
15659.3596965844	0.0060538713376198875	0.0001603651201586123	-8.526716149682741e-5	-0.0005271850062862858
15659.576040128062	0.006186491737254247	0.00016387819223047574	-8.008450595716604e-5	-0.0004951419753551144
15659.792386660642	0.00600828955845881	0.0001591576733721592	-0.00012786429319779414	-0.000790552154310645
15660.008736182179	0.005863579502274055	0.000155324350155655	-0.00015407771869326952	-0.0009526230458710668
15660.225088692718	0.005846991650720061	0.00015488494326058289	-0.00011856158123246806	-0.0007330358704350242
15660.441444192327	0.005877790949164289	0.00015570080684941022	-6.7756645310184e-5	-0.0004189219725007037
15660.657802680988	0.0054640468895810375	0.00014474085872205774	-0.00010085621430052245	-0.0006235681244298281
15660.874164158773	0.005374166059431403	0.00014235994420916872	-9.73453642190141e-5	-0.0006018614381768906
15661.090528625722	0.005418159018830206	0.000143525303667055	-5.827817836096799e-5	-0.0003603190406041996
15661.306896081878	0.00513263606532536	0.0001359618917289268	-4.9644669494601855e-5	-0.000306940267978383
15661.523266527282	0.004646733244980851	0.00012309048105230158	-6.963656682517792e-5	-0.0004305450454200089
15661.739639961974	0.003996017063820968	0.0001058532170337563	-8.326832893600708e-5	-0.0005148267368465262
15661.956016385995	0.003158634735004831	8.36712263223227e-5	-0.00012724758286517017	-0.0007867391923816465
15662.172395799389	0.002793127827766177	7.398906496981963e-5	-0.00013253679832419898	-0.0008194410559838654
15662.388778202196	0.0027635385005194864	7.320525313195629e-5	-0.00013060538596849027	-0.0008074996283930854
15662.605163594455	0.002527415833109373	6.695043901060397e-5	-0.0001254534910721928	-0.0007756467826361415
15662.82155197621	0.0018871285897995524	4.998943422820384e-5	-0.0001402589688865173	-0.000867185257444014
15663.037943347503	0.0019739090366005887	5.228822057541049e-5	-0.00015699897569498966	-0.0009706844292193677
15663.254337708373	0.0025149348283997697	6.66198211780911e-5	-0.0001323109937471693	-0.0008180449641558844
15663.470735058863	0.0022430570394684126	5.9417865295828097e-5	-0.00015603581691207464	-0.000964729465314012
15663.687135399014	0.0018031503183242312	4.776487661130094e-5	-0.00019394142557184943	-0.001199090128772152
15663.903538728864	0.0019333360580915872	5.1213455320100836e-5	-0.00015464710971153624	-0.0009561434446069326
15664.11994504846	0.0022691532110821924	6.01091445555173e-5	-0.00014942196950392902	-0.0009238377418623112
15664.33635435787	0.002376834407846441	6.29615851005638e-5	-0.00015872555677194126	-0.000981359437510108
15664.552766657076	0.002270612699486772	6.014780593768379e-5	-0.00011757796868398132	-0.0007269544461392648
15664.769181946149	0.0022636513829169666	5.9963402882858065e-5	-0.00014892200020428386	-0.0009207465598204861
15664.985600225129	0.0022577136884674967	5.980611525139864e-5	-0.00021297471173059598	-0.00131676805902225
15665.202021494058	0.002188590826345457	5.797507268843162e-5	-0.0001778613068524743	-0.0010996708759279795
15665.418445752981	0.002366259262650743	6.268145287848232e-5	-0.00013248661497731887	-0.0008191307852116708
15665.634873001934	0.002304013833759322	6.1032591327450155e-5	-0.00016680193176576307	-0.001031293594190658
15665.851303240961	0.002069120464191821	5.481034091372344e-5	-0.00020444158947605171	-0.0012640099510890929
15666.067736470102	0.0024198543777981777	6.41011703784436e-5	-0.00015547025534721367	-0.0009612327431070976
15666.2841726894	0.00274991064176512	7.284425550171795e-5	-0.00010827071026195051	-0.0006694100526870567
15666.500611898897	0.0030128149106632	7.980850570143039e-5	-0.00011672468929008039	-0.0007216788383350299
15666.717054098632	0.003397760557150935	9.000559305443159e-5	-8.818200129261095e-5	-0.0005452067136949561
15666.933499288645	0.0036189464074359275	9.586473565594633e-5	-1.0743608714589238e-5	-6.642497918672785e-5
15667.149947468983	0.003427460000450186	9.079232183139315e-5	-1.5597945665748877e-5	-9.643810043045617e-5
15667.36639863968	0.0032550200015155207	8.622444127908187e-5	-6.180886328911213e-5	-0.0003821483606303836
15667.582852800784	0.003309160761730525	8.765861274278714e-5	-2.0314921922135613e-5	-0.00012560195570278195
15667.799309952332	0.0028333978128635643	7.505580402633003e-5	-1.6410589931190118e-6	-1.0146247164986278e-5
15668.015770094367	0.001985841951393815	5.260431968091454e-5	-2.115385008236728e-5	-0.00013078883350733898
15668.232233226963	0.00114216547080978	3.0255598897389195e-5	-2.8744275533217056e-5	-0.00017771848870842962
15668.448699350096	-0.00018071289139595447	-4.78702683402521e-6	-3.91061643380697e-5	-0.0002417833915248238
15668.665168463838	-0.0015784146640935802	-4.181170083588185e-5	-7.388009920290711e-5	-0.00045678171853023614
15668.881640568234	-0.00314445984526713	-8.329573801587397e-5	-6.303504926130808e-5	-0.0003897295542354309
15669.098115663322	-0.005534417189422163	-0.00014660494551219032	-1.0484148713489954e-5	-6.482080449732347e-5
15669.314593749146	-0.008529730752236647	-0.00022594984609316558	-3.7227153988866534e-5	-0.00023016595211007882
15669.531074825745	-0.012293823232811306	-0.0003256594549156095	-0.00010605369378314675	-0.0006557028080010888
15669.747558893161	-0.017068386934249946	-0.00045213612397332765	-8.415681050158503e-5	-0.0005203199906562227
15669.964045951436	-0.02274529965039471	-0.0006025157305231474	-4.6556212571453854e-5	-0.000287845130367812
15670.180536000611	-0.029422383111706047	-0.0007793895409935322	-4.842031657211076e-5	-0.00029937040764986577
15670.397029040727	-0.036748953347872294	-0.0009734680489017034	-5.1895554531404015e-5	-0.00032085691327823153
15670.613525071825	-0.04341177736634994	-0.0011499641312811048	-5.30898192957966e-6	-3.282407462365647e-5
15670.830024093948	-0.048708919432765174	-0.0012902837344908906	7.673073917213979e-5	0.00047440649486521226
15671.046526107135	-0.0528643107105195	-0.0014003587236011007	0.00011826174399343415	0.0007311820536318129
15671.26303111143	-0.0555784927237363	-0.0014722565391323077	0.00014453102625624313	0.0008935982932690435
15671.479539106871	-0.0563926455092948	-0.001493823186654567	0.00015552070533716498	0.000961544662465063
15671.696050093502	-0.05527921315063128	-0.0014643287187302186	0.00010712475618803984	0.0006623249123463539
15671.912564071365	-0.053094799365122736	-0.0014064642945208117	3.210789376371161e-5	0.00019851487816082057
15672.12908104053	-0.05026886693983898	-0.0013316062462295313	-2.1423281133741373e-5	-0.00013245465664509705
15672.345601000976	-0.04665596448109488	-0.0012359016128460226	-7.641918728519308e-5	-0.00047248024939632076
15672.562123952777	-0.04278456704815588	-0.0011333495300726395	-0.00015666906089191205	-0.0009686446505462982
15672.778649895974	-0.03856509492802004	-0.0010215770598936598	-0.0002352286486476084	-0.0014543584474852964
15672.995178830608	-0.03371421334795276	-0.0008930787545813885	-0.00023432465263761442	-0.0014487692718419959
15673.211710756721	-0.02916557538487188	-0.0007725867862479032	-0.00020622181908488174	-0.0012750166545027746
15673.428245674353	-0.025241439680059777	-0.0006686376834795076	-0.00018914432173858364	-0.001169430865228
15673.644783583546	-0.021819442698292373	-0.0005779900752699666	-0.00013623859379873052	-0.0008423283086641844
15673.861324484342	-0.019295299904507502	-0.0005111263380267583	-7.812040539742883e-5	-0.00048299844497653506
15674.07786837678	-0.017437497634887774	-0.0004619137486631326	-7.117030119568552e-5	-0.00044002773194977716
15674.294415260905	-0.015630210484031234	-0.00041403928867796684	-7.447390103503703e-5	-0.0004604530430719341
15674.510965136757	-0.014253325018151651	-0.00037756603200197737	-6.767823960677775e-5	-0.0004184372101312581
15674.727518004374	-0.01293895382168492	-0.0003427487583766553	-6.24986354438673e-5	-0.0003864130450804956
15674.944073863802	-0.011222581246880492	-0.00029728259650350366	-4.349289400181423e-5	-0.00026890541675423697
15675.160632715082	-0.010173827058197839	-0.00026950143266544563	-3.801638844084633e-5	-0.00023504558645258953
15675.377194558252	-0.009671447186283535	-0.0002561935501499775	-6.068476590337524e-5	-0.0003751983545909759
15675.593759393354	-0.008686141980772966	-0.00023009312963183498	-6.237656065283736e-5	-0.00038565828793428865
15675.810327220432	-0.007683664519635581	-0.00020353782154119396	-5.8626661919204646e-5	-0.0003624736251314035
15676.026898039558	-0.007048389099584067	-0.0001867095783578119	-6.52068733577115e-5	-0.0004031573860034408
15676.243471850708	-0.0065978606196337	-0.00017477522267153419	-6.707603864402669e-5	-0.0004147139559175555
15676.460048653957	-0.006155909535069047	-0.00016306807945228236	-7.30984923859553e-5	-0.00045194924390020547
15676.676628449346	-0.00555011053297762	-0.00014702065717578686	-7.095209644693908e-5	-0.0004386786279122999
15676.893211236915	-0.00514369132302662	-0.00013625474197809378	-5.118171979192953e-5	-0.0003164434560338359
15677.109797016708	-0.005076613427455037	-0.00013447786992657233	-4.985413847108109e-5	-0.0003082353609748362
15677.326385788763	-0.004643570207092357	-0.00012300669318784823	-6.425185095368691e-5	-0.00039725272724347997
15677.542977553125	-0.003746394344307148	-9.924079083956309e-5	-2.887888143794734e-5	-0.00017855072251902793
15677.759572309833	-0.0031758464530833898	-8.412715924257692e-5	6.94247090657438e-6	4.292351831907703e-5
15677.976170058928	-0.0029749450302155754	-7.880534465130419e-5	-1.1974750194417749e-5	-7.403681142541274e-5
15678.192770800453	-0.00301426381529401	-7.984688672280663e-5	-4.4724581378050025e-5	-0.00027652062413049944
15678.409374534447	-0.0030214139532798393	-8.003629159669662e-5	-2.218921758457013e-5	-0.0001371902454175705
15678.625981260955	-0.0028040840348102416	-7.427929139868106e-5	-3.4536079081442033e-6	-2.135277256570939e-5
15678.842590980015	-0.0027735799620175567	-7.34712482431671e-5	-5.928140401919456e-5	-0.0003665217277308071
15679.05920369167	-0.0029175928171991726	-7.728610282755019e-5	-0.00011183371069396167	-0.0006914391711914617
15679.27581939596	-0.0026609506721183085	-7.048773428973491e-5	-8.692979484130107e-5	-0.0005374646421363752
15679.492438092928	-0.002095895831970805	-5.551961186312158e-5	-2.1743478680132087e-5	-0.00013443435601052185
15679.709059782615	-0.0023814569810252056	-6.308403558917066e-5	-1.191510025159748e-6	-7.366801111672824e-6
15679.925684465094	-0.003043813003410737	-8.062963528792419e-5	-1.713332425177596e-5	-0.00010593095272338294
15680.14231214034	-0.0029483891962559824	-7.810188908273631e-5	1.3966308636016222e-5	8.635010685031863e-5
15680.35894280843	-0.0026092773966280712	-6.911892570910212e-5	6.410540114679724e-5	0.00039634726562132156
15680.575576469404	-0.002587769480972297	-6.854918788579126e-5	7.500598600969118e-5	0.00046374278810136515
15680.792213123304	-0.0026810354004994045	-7.101977233622795e-5	6.983942673505729e-5	0.00043179927625152265
15681.00885277017	-0.0029988157158342167	-7.943767149705558e-5	4.2129329740780446e-5	0.00026047484839819286
15681.225495410044	-0.003357502315901635	-8.893916508870998e-5	1.7298995834874746e-5	0.00010695525766146444
15681.442141042968	-0.00336314381360002	-8.908860656273901e-5	2.3865499499225997e-5	0.0001475542668790838
15681.658789668982	-0.0034520110205001646	-9.144267051916014e-5	-1.5135752340337224e-5	-9.35804775556559e-5
15681.875441288128	-0.003636417384942245	-9.63275362757214e-5	-5.271860675953647e-5	-0.00032594563426348555
15682.092095900447	-0.003278880870384782	-8.685650808227434e-5	-3.5567242744409094e-5	-0.0002199031463067388
15682.308753505982	-0.002804466548490683	-7.428942406402945e-5	-1.695798526975927e-5	-0.00010484687673546421
15682.525414104772	-0.0028828344441802077	-7.636536461643789e-5	-3.518540986700528e-5	-0.00021754237148627136
15682.742077696861	-0.0031786429880672827	-8.420123856202544e-5	-4.0536300642002856e-5	-0.000250625557760266
15682.958744282287	-0.0029520559571915967	-7.819902040998777e-5	-1.1508590173568689e-5	-7.11546634893533e-5
15683.175413861094	-0.0025389629426813714	-6.725631825889441e-5	2.5823067402316306e-5	0.00015965740751587977
15683.392086433323	-0.002468783894837909	-6.539729767315819e-5	3.0125261770750017e-6	1.862567726800636e-5
15683.608761999014	-0.0026941408121830463	-7.136693051025706e-5	-6.068257399515963e-5	-0.00037518480258424627
15683.825440558241	-0.002815680957632593	-7.458649018407972e-5	-3.366398438219519e-5	-0.00020813578764210803
15684.042122110983	-0.002460820443925598	-6.51863483993449e-5	4.0260522007591874e-5	0.0002489204891434224
15684.258806657312	-0.0021114462631079967	-5.593153782235652e-5	7.237346598043147e-5	0.00044746659145295566
15684.475494197268	-0.002576545525008718	-6.825186887348104e-5	9.749784963453403e-5	0.0006028042164203346
15684.692184730893	-0.003069342923575086	-8.130591472738866e-5	7.897896180414994e-5	0.0004883066791985835
15684.908878258231	-0.003082934577192435	-8.166595329509919e-5	4.5220891600970616e-5	0.00027958918303872665
15685.12557477932	-0.003128211077451595	-8.28653133408441e-5	3.34135732607409e-5	0.00020658755985639772
15685.342274294204	-0.0034728105813715614	-9.199364425024366e-5	5.746547080053468e-5	0.00035529427804807895
15685.558976802922	-0.004037173460058389	-0.00010694343683854393	8.085655882349887e-5	0.0004999153803570642
15685.775682305517	-0.004431099724250104	-0.00011737841788912803	7.987793547766105e-5	0.0004938648030225929
15685.99239080203	-0.0047171632548084624	-0.00012495614954092488	5.3250180859447366e-5	0.000329232220685312
15686.209102292501	-0.005127795333980357	-0.00013583366230010278	2.8171599054606215e-5	0.00017417777681329167
15686.425816776975	-0.005278617414644957	-0.00013982889109494855	3.607478491534548e-5	0.00022304114947089494
15686.642534255488	-0.005016367121203688	-0.00013288196449642674	3.7925441854908314e-5	0.00023448328702057152
15686.859254728086	-0.005185800863393887	-0.00013737021026676667	-1.9183711592274213e-5	-0.00011860797215283952
